1
2
25
28
31
32
36
40
41
49
51
55
56
58
66
71
72
82
88
95
104
105
112
115
120
127
129
132
144
158
164
173
181
195
197
198
208
210
217
223
230
232
237
253
255
259
263
265
267
268
270
273
286
291
298
307
309
311
332
333
339
340
342
347
348
351
358
362
364
367
372
373
376
381
382
387
394
395
398
400
402
408
409
414
417
426
428
429
438
440
449
453
455
456
463
464
465
474
476
479
480
486
489
516
533
538
541
543
545
546
551
573
577
596
600
605
608
610
616
633
647
658
668
669
673
676
684
687
690
697
704
706
708
715
717
723
728
730
734
747
752
753
759
761
766
773
774
776
778
780
785
786
789
792
801
802
806
816
823
833
834
836
841
850
867
868
877
897
903
908
910
917
919
924
926
933
936
940
942
948
949
954
970
976
977
980
981
984
985
990
994
1007
1026
1045
1052
1060
1071
1079
1084
1096
1097
1100
1101
1111
1112
1114
1115
1117
1134
1135
1136
1137
1147
1151
1158
1163
1171
1175
1176
1179
1183
1191
1196
1203
1228
1229
1231
1233
1234
1241
1248
1256
1260
1267
1272
1274
1284
1292
1298
1303
1308
1320
1327
1339
1344
1346
1353
1358
1362
1364
1371
1374
1376
1381
1386
1395
1400
1402
1407
1410
1415
1416
1425
1437
1439
1442
1445
1448
1451
1457
1458
1480
1482
1485
1488
1491
1501
1503
1505
1507
1508
1520
1525
1535
1541
1543
1555
1559
1560
1561
1562
1564
1568
1569
1580
1586
1592
1594
1605
1630
1634
1639
1646
1649
1650
1656
1663
1668
1674
1675
1678
1680
1683
1692
1696
1700
1702
1706
1707
1708
1718
1722
1730
1731
1742
1749
1752
1754
1756
1758
1760
1763
1769
1776
1781
1791
1800
1814
1823
1826
1829
1831
1841
1842
1843
1845
1846
1852
1853
1856
1857
1863
1872
1875
1876
1878
1881
1884
1885
1886
1888
1891
1895
1898
1901
1914
1916
1918
1926
1935
1939
1950
1956
1957
1963
1965
1967
1973
1974
1979
1987
1988
1992
1995
2000
2010
2022
2025
2027
2037
2053
2055
2059
2061
2066
2071
2073
2079
2080
2091
2092
2093
2099
2114
2133
2134
2136
2138
2139
2142
2151
2152
2161
2162
2165
2167
2170
2175
2176
2180
2182
2188
2191
2201
2204
2206
2214
2215
2222
2228
2232
2238
2239
2242
2248
2255
2258
2260
2269
2272
2279
2282
2286
2294
2295
2302
2304
2308
2309
2310
2319
2322
2323
2334
2337
2346
2349
2351
2353
2359
2360
2368
2369
2379
2381
2382
2383
2399
2400
2402
2404
2418
2419
2420
2422
2430
2441
2442
2445
2462
2465
2481
2484
2494
2498
2506
2512
2517
2539
2545
2546
2547
2548
2556
2557
2567
2572
2578
2581
2594
2598
2601
2611
2613
2618
2621
2622
2635
2642
2644
2656
2663
2666
2667
2677
2680
2697
2699
2701
2704
2712
2713
2715
2717
2728
2729
2733
2737
2738
2741
2742
2744
2750
2754
2761
2771
2772
2776
2792
2795
2799
2802
2808
2820
2822
2824
2825
2827
2833
2836
2837
2843
2851
2858
2866
2874
2875
2877
2880
2883
2887
2894
2898
2901
2904
2908
2913
2916
2917
2918
2924
2946
2952
2953
2955
2956
2960
2969
2974
2979
2990
2992
2993
2994
3006
3008
3010
3011
3013
3016
3025
3026
3033
3049
3063
3065
3073
3075
3082
3088
3099
3109
3112
3113
3116
3134
3162
3181
3182
3185
3186
3192
3193
3195
3197
3200
3201
3205
3213
3214
3225
3228
3242
3252
3260
3261
3268
3269
3270
3271
3279
3282
3298
3310
3312
3314
3315
3316
3322
3324
3328
3335
3338
3341
3344
3345
3346
3364
3367
3368
3381
3391
3396
3397
3402
3407
3408
3413
3416
3417
3422
3427
3434
3436
3440
3442
3443
3444
3466
3469
3470
3472
3475
3478
3484
3485
3487
3492
3506
3509
3510
3524
3529
3537
3542
3545
3549
3564
3582
3584
3592
3593
3594
3606
3608
3611
3615
3624
3628
3629
3631
3633
3638
3641
3649
3653
3655
3665
3671
3673
3677
3681
3683
3689
3690
3692
3695
3706
3718
3719
3721
3724
3729
3730
3731
3736
3755
3760
3763
3765
3771
3775
3779
3780
3783
3792
3793
3799
3801
3802
3804
3807
3808
3812
3814
3819
3826
3827
3829
3835
3840
3851
3858
3860
3866
3872
3873
3877
3882
3886
3887
3892
3902
3904
3913
3931
3932
3936
3944
3950
3952
3962
3966
3974
3975
3977
3978
3980
3986
3992
3996
4003
4004
4005
4006
4008
4011
4021
4023
4026
4027
4029
4035
4038
4039
4040
4042
4050
4056
4057
4059
4071
4075
4084
4085
4086
4088
4090
4100
4106
4109
4117
4120
4124
4125
4131
4141
4144
4150
4166
4169
4179
4191
4194
4199
4213
4214
4230
4234
4238
4246
4247
4250
4253
4257
4259
4262
4265
4266
4268
4274
4277
4281
4283
4288
4289
4291
4292
4297
4298
4305
4320
4329
4331
4336
4343
4348
4349
4355
4362
4363
4368
4376
4377
4381
4382
4389
4395
4402
4406
4409
4414
4415
4417
4420
4422
4433
4460
4467
4468
4471
4478
4479
4486
4496
4504
4507
4509
4510
4513
4521
4528
4532
4536
4539
4557
4561
4565
4571
4578
4584
4585
4593
4597
4601
4603
4604
4605
4606
4613
4616
4619
4622
4623
4625
4632
4637
4641
4646
4651
4653
4657
4665
4666
4671
4679
4681
4687
4694
4704
4707
4710
4713
4715
4717
4721
4722
4725
4732
4741
4744
4749
4755
4757
4759
4771
4774
4775
4776
4778
4787
4789
4792
4797
4800
4804
4812
4813
4814
4815
4819
4820
4821
4823
4826
4828
4834
4846
4847
4854
4857
4863
4869
4870
4880
4885
4890
4892
4894
4896
4899
4902
4906
4911
4913
4920
4926
4927
4928
4931
4933
4940
4943
4944
4955
4979
4982
4984
4987
4990
4995
5002
5005
5010
5024
5037
5039
5041
5051
5053
5055
5059
5064
5072
5077
5078
5082
5085
5089
5091
5093
5095
5096
5102
5109
5114
5117
5127
5134
5137
5142
5143
5151
5154
5165
5170
5173
5177
5186
5194
5198
5204
5208
5209
5213
5216
5225
5226
5228
5230
5231
5244
5245
5246
5251
5254
5259
5267
5271
5274
5286
5302
5304
5317
5329
5331
5332
5348
5357
5358
5360
5361
5364
5366
5368
5373
5375
5381
5390
5394
5397
5408
5416
5419
5429
5431
5435
5437
5438
5439
5449
5455
5461
5462
5464
5467
5470
5471
5480
5482
5484
5495
5509
5510
5514
5516
5529
5537
5538
5539
5540
5558
5562
5565
5576
5580
5582
5586
5591
5594
5599
5603
5607
5608
5614
5616
5618
5619
5620
